! CRITICAL BORON CONCENTRATION SEARCH CALCULATION
! FOR PWR NEACRP BENCHMARK
%MODE
BCSEARCH

! CASE CARD
%CASE
NEACRP Critical Boron Concentration Search - Case C2
10.803 CM NODE SIZE

! XSEC CARD
%XSEC
2  11    ! Number of groups and number of materials
!  sigtr        siga        nu*sigf       sigf      chi sigs_g1 sigs_g2
5.32058E-02  3.73279E-04  0.00000E+00  0.00000E+00  1.0  0.0  2.64554E-02
3.86406E-01  1.77215E-02  0.00000E+00  0.00000E+00  0.0  0.0  0.00000E+00  ! COMP 1
2.95609E-01  1.18782E-03  0.00000E+00  0.00000E+00  1.0  0.0  2.31613E-02
2.45931E+00  2.52618E-01  0.00000E+00  0.00000E+00  0.0  0.0  0.00000E+00  ! COMP 2
2.95609E-01  1.18782E-03  0.00000E+00  0.00000E+00  1.0  0.0  2.00808E-02
2.45931E+00  2.52618E-01  0.00000E+00  0.00000E+00  0.0  0.0  0.00000E+00  ! COMP 3
2.22117E-01  8.71774E-03  4.98277E-03  4.98277E-03  1.0  0.0  1.82498E-02
8.03140E-01  6.52550E-02  8.39026E-02  8.39026E-02  0.0  0.0  0.00000E+00  ! COMP 4
2.21914E-01  9.06133E-03  5.57659E-03  5.57659E-03  1.0  0.0  1.80040E-02
7.95538E-01  7.23354E-02  9.98629E-02  9.98629E-02  0.0  0.0  0.00000E+00  ! COMP 5
2.21715E-01  9.38496E-03  6.15047E-03  6.15047E-03  1.0  0.0  1.77670E-02
7.89253E-01  7.89203E-02  1.14667E-01  1.14667E-01  0.0  0.0  0.00000E+00  ! COMP 6
2.22039E-01  9.31692E-03  5.55010E-03  5.55010E-03  1.0  0.0  1.71381E-02
7.76230E-01  7.96328E-02  9.85576E-02  9.85576E-02  0.0  0.0  0.00000E+00  ! COMP 7
2.22083E-01  9.40032E-03  5.54083E-03  5.54083E-03  1.0  0.0  1.68501E-02
7.69969E-01  8.21087E-02  9.80059E-02  9.80059E-02  0.0  0.0  0.00000E+00  ! COMP 8
2.22127E-01  9.48286E-03  5.53137E-03  5.53137E-03  1.0  0.0  1.65626E-02
7.63813E-01  8.45912E-02  9.74109E-02  9.74109E-02  0.0  0.0  0.00000E+00  ! COMP 9
2.21836E-01  9.63720E-03  6.12382E-03  6.12382E-03  1.0  0.0  1.69043E-02
7.70705E-01  8.61187E-02  1.13241E-01  1.13241E-01  0.0  0.0  0.00000E+00  ! COMP 10
2.21878E-01  9.71937E-03  6.11444E-03  6.11444E-03  1.0  0.0  1.66175E-02
7.64704E-01  8.85488E-02  1.12635E-01  1.12635E-01  0.0  0.0  0.00000E+00  ! COMP 11

! GEOMETRY CARD
%GEOM
17 9 18               !nx, ny, nz
17*21.606             !x-direction assembly size in cm
  17*2                !x-direction assembly divided 2x2
8*21.606 10.803       !y-direction assembly size in cm
  8*2       1         !y-direction assembly divided 2x2
30.  7.7  11.0  15.0  10*30.0  2*12.8  8.0  30.      !z-direction size  in cm (from bottom to top)
18*1                 !z-direction assembly divided into 20 cm each
3                    !np number of planar type
1  2  15*3  1        !planar assignment (from bottom to top)
! Planar_Reg 1
2  1  1  1  1  1  1  1  1  1  1  1  1  1  1  1  2
2  1  1  1  1  1  1  1  1  1  1  1  1  1  1  1  2
2  3  1  1  1  1  1  1  1  1  1  1  1  1  1  3  2
0  2  1  1  1  1  1  1  1  1  1  1  1  1  1  2  0
0  2  3  1  1  1  1  1  1  1  1  1  1  1  3  2  0
0  0  2  3  1  1  1  1  1  1  1  1  1  3  2  0  0
0  0  0  2  3  1  1  1  1  1  1  1  3  2  0  0  0
0  0  0  0  2  2  3  1  1  1  3  2  2  0  0  0  0
0  0  0  0  0  0  2  2  2  2  2  0  0  0  0  0  0
! Planar_Reg 2
2  6  4  5  4  5  4  5  4  5  4  5  4  5  4  6  2
2  6  6  4  5  4  5  4  5  4  5  4  5  4  6  6  2
2  3  6  5  4  5  4  5  4  5  4  5  4  5  6  3  2
0  2  6  6  5  4  5  4  5  4  5  4  5  6  6  2  0
0  2  3  6  4  5  4  5  4  5  4  5  4  6  3  2  0
0  0  2  3  6  6  5  4  5  4  5  6  6  3  2  0  0
0  0  0  2  3  6  6  6  4  6  6  6  3  2  0  0  0
0  0  0  0  2  2  3  6  6  6  3  2  2  0  0  0  0
0  0  0  0  0  0  2  2  2  2  2  0  0  0  0  0  0
! Planar_Reg 3
2  6  4  7  4  9  4  9  4  9  4  9  4  7  4  6  2
2  6 11  4  8  4  8  4  9  4  8  4  8  4 11  6  2
2  3  6  8  4  8  4  8  4  8  4  8  4  8  6  3  2
0  2  6 10  8  4  8  4  9  4  8  4  8 10  6  2  0
0  2  3  6  4  8  4  8  4  8  4  8  4  6  3  2  0
0  0  2  3  6 10  8  4  7  4  8 10  6  3  2  0  0
0  0  0  2  3  6  6 11  4 11  6  6  3  2  0  0  0
0  0  0  0  2  2  3  6  6  6  3  2  2  0  0  0  0
0  0  0  0  0  0  2  2  2  2  2  0  0  0  0  0  0
! Boundary conditions (east), (west), (north), (south), (bottom), (top)
1 1 2 1 1 1

! CONTROL CARD
%CROD
8  228                        ! Number of CR banks and max number of banks
37.7 1.5942237                ! Zero step pos. (cm) and cm/step (total 228 steps)
100.  200.  100.  200.  200.  200.  200.  100.           ! CR Bank pos.
0  0  3  0  0  0  2  0  1  0  2  0  0  0  8  0  0
0  0  0  6  0  0  0  4  0  4  0  0  0  6  0  0  0
0  0  6  0  6  0  5  0  2  0  5  0  6  0  6  0  0
0  0  0  0  0  4  0  0  0  0  0  4  0  0  0  0  0
0  0  0  0  7  0  6  0  0  0  6  0  7  0  0  0  0
0  0  0  0  0  0  0  6  0  6  0  0  0  0  0  0  0
0  0  0  0  0  0  6  0  3  0  6  0  0  0  0  0  0
0  0  0  0  0  0  0  0  0  0  0  0  0  0  0  0  0
0  0  0  0  0  0  0  0  0  0  0  0  0  0  0  0  0
! CX changes
!  sigtr        siga        nu*sigf      sigf      sigs_g1   sigs_g2
 3.73220E-03  2.47770E-03 -1.02786E-04 -1.02786E-04  0.0   -3.19253E-03
-2.19926E-02  2.55875E-02 -2.82319E-03 -2.82319E-03  0.0    0.00000E+00  ! COMP 1
 3.73220E-03  2.47770E-03 -1.02786E-04 -1.02786E-04  0.0   -3.19253E-03
-2.19926E-02  2.55875E-02 -2.82319E-03 -2.82319E-03  0.0    0.00000E+00  ! COMP 2
 3.73220E-03  2.47770E-03 -1.02786E-04 -1.02786E-04  0.0   -3.19253E-03
-2.19926E-02  2.55875E-02 -2.82319E-03 -2.82319E-03  0.0    0.00000E+00  ! COMP 3
 3.73220E-03  2.47770E-03 -1.02786E-04 -1.02786E-04  0.0   -3.19253E-03
-2.19926E-02  2.55875E-02 -2.82319E-03 -2.82319E-03  0.0    0.00000E+00  ! COMP 4
 3.73220E-03  2.47770E-03 -1.02786E-04 -1.02786E-04  0.0   -3.19253E-03
-2.19926E-02  2.55875E-02 -2.82319E-03 -2.82319E-03  0.0    0.00000E+00  ! COMP 5
 3.74092E-03  2.42926E-03 -1.22634E-04 -1.22634E-04  0.0   -3.14239E-03
-1.67503E-02  2.56478E-02 -3.28086E-03 -3.28086E-03  0.0    0.00000E+00  ! COMP 6
 3.73220E-03  2.47770E-03 -1.02786E-04 -1.02786E-04  0.0   -3.19253E-03
-2.19926E-02  2.55875E-02 -2.82319E-03 -2.82319E-03  0.0    0.00000E+00  ! COMP 7
 3.73220E-03  2.47770E-03 -1.02786E-04 -1.02786E-04  0.0   -3.19253E-03
-2.19926E-02  2.55875E-02 -2.82319E-03 -2.82319E-03  0.0    0.00000E+00  ! COMP 8
 3.73220E-03  2.47770E-03 -1.02786E-04 -1.02786E-04  0.0   -3.19253E-03
-2.19926E-02  2.55875E-02 -2.82319E-03 -2.82319E-03  0.0    0.00000E+00  ! COMP 9
 3.73220E-03  2.47770E-03 -1.02786E-04 -1.02786E-04  0.0   -3.19253E-03
-2.19926E-02  2.55875E-02 -2.82319E-03 -2.82319E-03  0.0    0.00000E+00  ! COMP 10
 3.73220E-03  2.47770E-03 -1.02786E-04 -1.02786E-04  0.0   -3.19253E-03
-2.19926E-02  2.55875E-02 -2.82319E-03 -2.82319E-03  0.0    0.00000E+00  ! COMP 11
1

! CRITICAL BORON SEARCH CARD
%CBCS
1200.2  ! Boron concentration ref. in ppm
! CX change per unit ppm change of Boron concentration
!  sigtr          siga         nu*sigf       sigf      sigs_g1   sigs_g2
 6.118330E-08  1.877310E-07  0.000000E+00  0.000000E+00  0.0  7.914570E-10
 5.175350E-06  1.026350E-05  0.000000E+00  0.000000E+00  0.0  0.000000E+00  ! COMP 1
 0.000000E+00  0.000000E+00  0.000000E+00  0.000000E+00  0.0  0.000000E+00
 7.761840E-04  8.446950E-05  0.000000E+00  0.000000E+00  0.0  0.000000E+00  ! COMP 2
 0.000000E+00  0.000000E+00  0.000000E+00  0.000000E+00  0.0  0.000000E+00
 7.761840E-04  8.446950E-05  0.000000E+00  0.000000E+00  0.0  0.000000E+00  ! COMP 3
 3.478090E-08  1.285050E-07 -1.120990E-09 -1.120990E-09  0.0 -1.085900E-07
-9.765100E-06  7.088070E-06 -2.430450E-06 -2.430450E-06  0.0  0.000000E+00  ! COMP 4
 3.538260E-08  1.267090E-07 -1.678800E-09 -1.678800E-09  0.0 -1.069510E-07
-8.501690E-06  6.823110E-06 -2.724450E-06 -2.724450E-06  0.0  0.000000E+00  ! COMP 5
 3.598380E-08  1.249860E-07 -2.210380E-09 -2.210380E-09  0.0 -1.053740E-07
-7.462510E-06  6.597980E-06 -2.958830E-06 -2.958830E-06  0.0  0.000000E+00  ! COMP 6
 3.378060E-08  1.198690E-07 -1.713230E-09 -1.713230E-09  0.0 -1.008730E-07
-6.737440E-06  6.293100E-06 -2.553590E-06 -2.553590E-06  0.0  0.000000E+00  ! COMP 7
 3.324950E-08  1.175850E-07 -1.724210E-09 -1.724210E-09  0.0 -9.885780E-08
-6.197250E-06  6.119040E-06 -2.488800E-06 -2.488800E-06  0.0  0.000000E+00  ! COMP 8
 3.272010E-08  1.153190E-07 -1.735020E-09 -1.735020E-09  0.0 -9.684890E-08
-5.682200E-06  5.947110E-06 -2.422400E-06 -2.422400E-06  0.0  0.000000E+00  ! COMP 9
 3.438590E-08  1.181860E-07 -2.243350E-09 -2.243350E-09  0.0 -9.933120E-08
-5.868980E-06  6.084430E-06 -2.776570E-06 -2.776570E-06  0.0  0.000000E+00  ! COMP 10
 3.385590E-08  1.159170E-07 -2.253690E-09 -2.253690E-09  0.0 -9.732910E-08
-5.383450E-06  5.916970E-06 -2.707800E-06 -2.707800E-06  0.0  0.000000E+00  ! COMP 11

! FUEL TEMPERATURE CARD
%FTEM
891.19  891.45  ! Average Fuel Temperature and fuel temperature Ref. in Kelvin
! CX change per Fuel Temperature Changes
!  sigtr          siga         nu*sigf       sigf      sigs_g1   sigs_g2
 0.000000E+00  0.000000E+00  0.000000E+00  0.000000E+00	 0.0  0.000000E+00 ! COMP 1
 0.000000E+00  0.000000E+00	 0.000000E+00  0.000000E+00	 0.0  0.000000E+00
 0.000000E+00  0.000000E+00  0.000000E+00  0.000000E+00	 0.0  0.000000E+00 ! COMP 2
 0.000000E+00  0.000000E+00  0.000000E+00  0.000000E+00	 0.0  0.000000E+00
 0.000000E+00  0.000000E+00  0.000000E+00  0.000000E+00	 0.0  0.000000E+00 ! COMP 3
 0.000000E+00  0.000000E+00  0.000000E+00  0.000000E+00	 0.0  0.000000E+00
-3.091970E-05  3.497090E-05  6.401340E-07  6.401340E-07	 0.0 -2.755360E-05 ! COMP 4
-1.372920E-04 -3.718060E-05 -5.630370E-05 -5.630370E-05	 0.0  0.000000E+00
-3.086070E-05  3.517980E-05  9.974310E-07  9.974310E-07	 0.0 -2.767660E-05 ! COMP 5
-1.174810E-04 -3.770390E-05 -6.041550E-05 -6.041550E-05	 0.0  0.000000E+00
-3.091650E-05  3.538410E-05  1.418470E-06  1.418470E-06	 0.0 -2.783900E-05 ! COMP 6
-1.013370E-04 -3.775580E-05 -6.309600E-05 -6.309600E-05	 0.0  0.000000E+00
-3.137460E-05  3.486990E-05  9.454310E-07  9.454310E-07	 0.0 -2.735500E-05 ! COMP 7
-1.082710E-04 -3.727480E-05 -5.796620E-05 -5.796620E-05	 0.0  0.000000E+00
-3.155030E-05  3.472740E-05  9.260780E-07  9.260780E-07	 0.0 -2.723810E-05 ! COMP 8
-1.055210E-04 -3.718080E-05 -5.711080E-05 -5.711080E-05	 0.0  0.000000E+00
-3.172810E-05  3.460260E-05  9.058020E-07  9.058020E-07	 0.0 -2.711690E-05 ! COMP 9
-1.025250E-04 -3.702010E-05 -5.615430E-05 -5.615430E-05	 0.0  0.000000E+00
-3.141920E-05  3.506370E-05  1.356420E-06  1.356420E-06	 0.0 -2.750490E-05 ! COMP 10
-9.388860E-05 -3.714030E-05 -6.050520E-05 -6.050520E-05	 0.0  0.000000E+00
-3.159080E-05  3.491190E-05  1.333360E-06  1.333360E-06	 0.0 -2.738350E-05 ! COMP 11
-9.171260E-05 -3.699090E-05 -5.962840E-05 -5.962840E-05	 0.0  0.000000E+00

! MODERATOR TEMPERATURE CARD
%MTEM
559.19  579.75  ! Average Moderator Temperature and Moderator temperature Ref. Kelvin
! CX change per Moderator Temperature Changes
!  sigtr          siga         nu*sigf       sigf     sigs_g1   sigs_g2
 0.00000E+00   0.00000E+00   0.00000E+00   0.00000E+00	0.0	 0.00000E+00	! COMP 1
 0.00000E+00   0.00000E+00   0.00000E+00   0.00000E+00	0.0	 0.0
 0.00000E+00   0.00000E+00   0.00000E+00   0.00000E+00	0.0	 0.00000E+00	! COMP 2
 0.00000E+00   0.00000E+00   0.00000E+00   0.00000E+00	0.0	 0.0
 0.00000E+00   0.00000E+00   0.00000E+00   0.00000E+00	0.0	 0.00000E+00	! COMP 3
 0.00000E+00   0.00000E+00   0.00000E+00   0.00000E+00	0.0	 0.0
-2.033100E-06  2.121910E-07  1.247090E-07  1.247090E-07	0.0	 8.096760E-07	! COMP 4
-1.086740E-04 -3.155970E-05 -4.164390E-05 -4.164390E-05	0.0	 0.0
-1.980800E-06  2.260000E-07  1.351450E-07  1.351450E-07	0.0	 8.584740E-07	! COMP 5
-9.061500E-05 -3.214350E-05 -4.531020E-05 -4.531020E-05	0.0	 0.0
-1.924340E-06  2.399390E-07  1.490840E-07  1.490840E-07	0.0	 9.034940E-07	! COMP 6
-7.627860E-05 -3.237760E-05	-4.784750E-05 -4.784750E-05	0.0	 0.0
-2.696340E-06  2.485300E-07  1.407730E-07  1.407730E-07	0.0	 7.013110E-07	! COMP 7
-7.624350E-05 -3.001190E-05	-4.202020E-05 -4.202020E-05	0.0	 0.0
-3.079050E-06  2.618540E-07  1.432350E-07  1.432350E-07	0.0	 6.173800E-07	! COMP 8
-7.333970E-05 -2.919290E-05	-4.077010E-05 -4.077010E-05	0.0	 0.0
-3.538770E-06  2.743130E-07  1.460190E-07  1.460190E-07	0.0	 5.165470E-07	! COMP 9
-7.137110E-05 -2.830410E-05 -3.943190E-05 -3.943190E-05	0.0	 0.0
-2.639070E-06  2.642890E-07  1.558580E-07  1.558580E-07	0.0	 7.443200E-07	! COMP 10
-6.395540E-05 -3.035090E-05 -4.444310E-05 -4.444310E-05	0.0	 0.0
-3.021470E-06  2.790600E-07  1.588140E-07  1.588140E-07	0.0	 6.595210E-07	! COMP 11
-6.169840E-05 -2.956260E-05	-4.315880E-05 -4.315880E-05	0.0	 0.0

! COOLANT DENSITY CARD
%CDEN
0.7464  0.7125  ! Average Coolant Density and Coolant Density Ref. in g/cm3
! CX change per Coolant Density Changes
!  sigtr          siga         nu*sigf       sigf     sigs_g1   sigs_g2
7.457560E-02  2.076880E-04  0.000000E+00  0.000000E+00  0.0  3.713100E-02  ! COMP 1
5.336340E-01  7.584210E-03  0.000000E+00  0.000000E+00  0.0  0.0
0.000000E+00  0.000000E+00  0.000000E+00  0.000000E+00  0.0  0.000000E+00  ! COMP 2
0.000000E+00  0.000000E+00  0.000000E+00  0.000000E+00  0.0  0.0
0.000000E+00  0.000000E+00  0.000000E+00  0.000000E+00  0.0  0.000000E+00  ! COMP 3
0.000000E+00  0.000000E+00  0.000000E+00  0.000000E+00  0.0  0.0
1.356650E-01  1.551850E-03  9.206940E-04  9.206940E-04  0.0  2.931950E-02  ! COMP 4
9.926280E-01  2.526620E-02  2.477460E-02  2.477460E-02  0.0  0.0
1.357480E-01  1.614910E-03  9.641600E-04  9.641600E-04  0.0  2.926960E-02  ! COMP 5
9.819850E-01  2.866670E-02  3.149930E-02  3.149930E-02  0.0  0.0
1.358270E-01  1.680150E-03  1.014100E-03  1.014100E-03  0.0  2.921540E-02  ! COMP 6
9.722670E-01  3.195710E-02  3.810970E-02  3.810970E-02  0.0  0.0
1.310330E-01  1.683970E-03  9.819510E-04  9.819510E-04  0.0  2.824890E-02  ! COMP 7
9.346970E-01  3.142400E-02  3.515880E-02  3.515880E-02  0.0  0.0
1.293790E-01  1.719720E-03  9.884370E-04  9.884370E-04  0.0  2.788950E-02  ! COMP 8
9.181710E-01  3.247150E-02  3.632510E-02  3.632510E-02  0.0  0.0
1.276820E-01  1.749890E-03  9.951750E-04  9.951750E-04  0.0  2.752020E-02  ! COMP 9
9.012930E-01  3.359450E-02  3.744990E-02  3.744990E-02  0.0  0.0
1.311160E-01  1.755280E-03  1.035220E-03  1.035220E-03  0.0  2.818770E-02  ! COMP 10
9.249250E-01  3.498530E-02  4.206930E-02  4.206930E-02  0.0  0.0
1.294630E-01  1.794990E-03  1.042910E-03  1.042910E-03  0.0  2.782590E-02  ! COMP 11
9.084560E-01  3.610320E-02  4.332150E-02  4.332150E-02  0.0  0.0

! THERMAL-HYDRAULIC CARD
%THER
100.                                   ! Percent power in %
1387.5e6                               ! Reactor thermal power for quarter geometry in Watt
559.15  82.12102                       ! Inlet coolant temp. (Kelvin) and Fuel Assembly Mass flow rate (kg/s)
4.11950E-03  6.8E-05  5.71E-04  1.2655E-2 ! Fuel meat rad., gap thinkness, cladding thinkness and pin picth (m)
264  25                                ! Number of fuel pin and guide tubes
0.019                                  ! FRACTION OF HEAT DEPOSITED IN COOLANT
1
