473.15   0.87486016   858341.5    0.903548   0.157804   0.67530
483.15   0.86337908   902757.5    0.880564   0.152545   0.66865
493.15   0.85135747   947659.5    0.857579   0.147286   0.66105
503.15   0.83875400   993119.5    0.840634   0.142704   0.65240
513.15   0.82550506   1039225.0   0.829729   0.138801   0.64275
523.15   0.81154043   1086085.0   0.818824   0.134897   0.63205
533.15   0.79676554   1133820.0   0.819798   0.131943   0.62025
543.15   0.78106745   1182595.0   0.820773   0.128988   0.60720
553.15   0.76428125   1232620.0   0.829727   0.126380   0.59285
563.15   0.74619716   1284170.0   0.846662   0.124118   0.57710
573.15   0.72650785   1337630.0   0.863597   0.121856   0.55970
583.15   0.70475081   1393570.0   0.915035   0.120105   0.54045
593.15   0.68018488   1452895.0   0.966472   0.118354   0.51880
603.15   0.65150307   1517175.0   1.166745   0.143630   0.49420
613.15   0.61590149   1589770.0   1.515852   0.195931   0.46550
617.91   0.59896404   1624307.1   1.681940   0.220813   0.45185


====================================================================
Temp       Dens       enthalpy     Prandtl   Kin. Visc. Thermal Cond.
(K)       (g/cm3)      (J/Kg)                x10^6 m^2/s    W/(mK)
